 velo=[(0.1382300767579509, 0.0, 0.0), (0.1382300767579509, 0.0, 0.0), (0.1382300767579509, 0.0, 0.0), (0.1382300767579509, 0.0, 0.0), (0.0941495254687876, 0.043403525741446694, 0.43196898986859655), (0.12564357425811534, 0.05763025566622498, 0.0), (0.12564357425811534, 0.05763025566622498, 0.0), (0.12564357425811534, 0.05763025566622498, 0.0), (0.12564357425811534, 0.05763025566622498, 0.0), (0.12564357425811534, 0.05763025566622498, 0.0), (0.12564357425811534, 0.05763025566622498, 0.0), (0.12564357425811534, 0.05763025566622498, 0.0), (0.12564357425811534, 0.05763025566622498, 0.0), (0.02249372164651388, 0.026234607277810837, 0.43196898986859655), (0.04509723581021198, 0.05237487806578058, 0.0), (-0.010537857946765527, 0.06830696948350908, 0.8639379797371931), (-0.01897286656843707, 0.0288834289291991, 0.43196898986859655), (-0.015216398153422557, 0.10254979483169545, -0.43196898986859655), (-0.01897286656843707, 0.0288834289291991, 0.43196898986859655), (-0.037834758867993326, 0.057839601930926625, 0.0), (-0.037834758867993326, 0.057839601930926625, 0.0), (-0.08786173584443574, 0.05503012417929754, 0.43196898986859655), (-0.018856768498332958, 0.028959357975136296, -0.43196898986859655), (-0.015216398153422557, 0.10254979483169545, -0.43196898986859655), (-0.01897286656843707, 0.0288834289291991, 0.43196898986859655), (-0.037834758867993326, 0.057839601930926625, 0.0), (-0.07566951773598665, 0.11567920386185325, 0.0), (-0.005072132717807519, 0.03418326494389848, -0.43196898986859655), (-0.010275500974681523, 0.0683469283131771, 0.0), (0.009641240500647071, 0.033185367470324856, -0.43196898986859655), (0.0383100457590611, 0.13281526461385246, 0.0), (0.0383100457590611, 0.13281526461385246, 0.0), (0.0383100457590611, 0.13281526461385246, 0.0), (0.01915502287953055, 0.06640763230692623, 0.0), (0.01915502287953055, 0.06640763230692623, 0.0), (0.06293695199239117, 0.028562713527161575, -0.8639379797371931), (0.12564357425811534, 0.05763025566622498, 0.0), (0.06271068214740698, -0.029056133168991027, -0.8639379797371931), (0.034557455502232194, 6.634563327260984e-05, 0.43196898986859655), (0.03148092684716588, -0.014253889903293165, -0.43196898986859655), (0.10367236650669658, 0.00019903689981782952, 0.43196898986859655), (0.093851908247962, 0.04404337079518816, 0.43196898986859655), (0.12506403878680553, 0.05887733284415491, 0.0)]
 
rounded_velo [(0.14, 0.0, 0.0), (0.14, 0.0, 0.0), (0.14, 0.0, 0.0), (0.14, 0.0, 0.0), (0.1, 0.05, 0.44), (0.13, 0.06, 0.0), (0.13, 0.06, 0.0), (0.13, 0.06, 0.0), (0.13, 0.06, 0.0), (0.13, 0.06, 0.0), (0.13, 0.06, 0.0), (0.13, 0.06, 0.0), (0.02, 0.07, 0.87), (0.04, 0.14, 0.0), (0.04, 0.14, 0.0), (-0.01, 0.04, 0.44), (-0.02, 0.07, 0.0), (-0.02, 0.03, 0.44), (-0.08, 0.12, 0.0), (-0.08, 0.12, 0.0), (-0.09, 0.06, 0.44), (-0.02, 0.03, -0.44), (-0.02, 0.11, -0.44), (-0.02, 0.07, 0.0), (-0.02, 0.07, 0.0), (0.01, 0.04, -0.44), (0.04, 0.14, 0.0), (0.04, 0.14, 0.0), (0.04, 0.14, 0.0), (0.03, 0.03, -0.44), (0.1, 0.11, 0.0), (0.1, 0.11, 0.0), (0.07, -0.01, -0.87), (0.04, -0.02, -0.44), (0.13, -0.06, 0.0), (0.07, -0.03, 0.0), (0.07, -0.03, 0.0)]


Path Taken: 
[a_star_tb3_script.py-5] (1.0, 1.0, 0)
[a_star_tb3_script.py-5] (1.14, 1.0, 0.0)
[a_star_tb3_script.py-5] (1.28, 1.0, 0.0)
[a_star_tb3_script.py-5] (1.42, 1.0, 0.0)
[a_star_tb3_script.py-5] (1.56, 1.0, 0.0)
[a_star_tb3_script.py-5] (1.66, 1.0, 24.64)
[a_star_tb3_script.py-5] (1.79, 1.06, 24.64)
[a_star_tb3_script.py-5] (1.92, 1.12, 24.64)
[a_star_tb3_script.py-5] (2.05, 1.18, 24.64)
[a_star_tb3_script.py-5] (2.18, 1.24, 24.64)
[a_star_tb3_script.py-5] (2.31, 1.3, 24.64)
[a_star_tb3_script.py-5] (2.44, 1.36, 24.64)
[a_star_tb3_script.py-5] (2.57, 1.42, 24.64)
[a_star_tb3_script.py-5] (2.63, 1.45, 73.91)
[a_star_tb3_script.py-5] (2.67, 1.58, 73.91)
[a_star_tb3_script.py-5] (2.71, 1.71, 73.91)
[a_star_tb3_script.py-5] (2.72, 1.74, 98.55)
[a_star_tb3_script.py-5] (2.71, 1.81, 98.55)
[a_star_tb3_script.py-5] (2.7, 1.84, 123.19)
[a_star_tb3_script.py-5] (2.62, 1.96, 123.19)
[a_star_tb3_script.py-5] (2.54, 2.08, 123.19)
[a_star_tb3_script.py-5] (2.48, 2.17, 147.82)
[a_star_tb3_script.py-5] (2.45, 2.19, 123.19)
[a_star_tb3_script.py-5] (2.39, 2.28, 98.55)
[a_star_tb3_script.py-5] (2.38, 2.35, 98.55)
[a_star_tb3_script.py-5] (2.37, 2.42, 98.55)
[a_star_tb3_script.py-5] (2.36, 2.45, 73.91)
[a_star_tb3_script.py-5] (2.4, 2.58, 73.91)
[a_star_tb3_script.py-5] (2.44, 2.71, 73.91)
[a_star_tb3_script.py-5] (2.48, 2.84, 73.91)
[a_star_tb3_script.py-5] (2.49, 2.87, 49.27)
[a_star_tb3_script.py-5] (2.58, 2.97, 49.27)
[a_star_tb3_script.py-5] (2.67, 3.07, 49.27)
[a_star_tb3_script.py-5] (2.72, 3.12, -0.0)
[a_star_tb3_script.py-5] (2.75, 3.12, 335.36)
[a_star_tb3_script.py-5] (2.88, 3.06, 335.18)
[a_star_tb3_script.py-5] (2.94, 3.03, 335.18)
[a_star_tb3_script.py-5] (3.0, 3.0, 335.18)



