<goal_reached>=True
<time>=23.59

robot1:
<start_point>=(19, 122)
<end_point>=(71, 101)
<path>=[(19, 122), (20, 122), (21, 122), (22, 122), (23, 122), (24, 122), (25, 122), (26, 122), (27, 122), (28, 122), (29, 122), (30, 122), (31, 122), (32, 122), (33, 122), (34, 122), (34, 121), (34, 120), (33, 120), (32, 120), (31, 120), (30, 120), (29, 120), (29, 119), (29, 118), (28, 118), (27, 118), (26, 118), (26, 117), (25, 117), (24, 117), (23, 117), (22, 117), (21, 117), (20, 117), (19, 117), (18, 117), (17, 117), (17, 116), (17, 115), (17, 114), (16, 114), (16, 113), (15, 113), (14, 113), (14, 112), (13, 112), (13, 111), (12, 111), (11, 111), (10, 111), (10, 110), (10, 109), (10, 108), (10, 107), (10, 106), (10, 105), (10, 104), (10, 103), (10, 102), (10, 101), (10, 100), (10, 99), (10, 98), (10, 97), (11, 97), (12, 97), (12, 96), (12, 95), (12, 94), (12, 93), (12, 92), (12, 91), (12, 90), (12, 89), (12, 88), (12, 87), (12, 86), (12, 85), (12, 84), (12, 83), (12, 82), (12, 81), (12, 80), (12, 79), (12, 78), (12, 77), (12, 76), (12, 75), (11, 75), (11, 74), (10, 74), (10, 73), (10, 72), (10, 71), (10, 70), (10, 69), (10, 68), (10, 67), (10, 66), (10, 65), (10, 64), (10, 63), (10, 62), (10, 61), (10, 60), (10, 59), (10, 58), (10, 57), (10, 56), (10, 55), (10, 54), (10, 53), (10, 52), (10, 51), (11, 51), (11, 50), (12, 50), (12, 49), (13, 49), (14, 49), (14, 48), (15, 48), (15, 47), (16, 47), (16, 46), (16, 45), (17, 45), (18, 45), (19, 45), (20, 45), (21, 45), (22, 45), (23, 45), (23, 44), (23, 43), (23, 42), (24, 42), (24, 41), (24, 40), (25, 40), (26, 40), (27, 40), (27, 39), (27, 38), (27, 37), (27, 36), (27, 35), (27, 34), (28, 34), (28, 33), (28, 32), (28, 31), (28, 30), (28, 29), (29, 29), (29, 28), (29, 27), (29, 26), (29, 25), (29, 24), (29, 23), (29, 22), (30, 22), (31, 22), (31, 21), (31, 20), (31, 19), (32, 19), (32, 18), (32, 17), (32, 16), (32, 15), (32, 14), (32, 13), (32, 12), (32, 11), (32, 10), (33, 10), (34, 10), (35, 10), (36, 10), (37, 10), (38, 10), (39, 10), (40, 10), (41, 10), (42, 10), (43, 10), (44, 10), (45, 10), (46, 10), (47, 10), (48, 10), (49, 10), (50, 10), (51, 10), (52, 10), (53, 10), (54, 10), (55, 10), (56, 10), (56, 11), (56, 12), (55, 12), (55, 13), (54, 13), (54, 14), (54, 15), (54, 16), (54, 17), (54, 18), (54, 19), (54, 20), (54, 21), (54, 22), (54, 23), (55, 23), (55, 24), (56, 24), (56, 25), (57, 25), (57, 26), (58, 26), (59, 26), (59, 27), (59, 28), (59, 29), (60, 29), (60, 30), (61, 30), (61, 31), (61, 32), (61, 33), (61, 34), (61, 35), (62, 35), (63, 35), (63, 36), (64, 36), (64, 37), (64, 38), (65, 38), (66, 38), (67, 38), (68, 38), (68, 39), (68, 40), (69, 40), (70, 40), (70, 41), (70, 42), (71, 42), (71, 43), (72, 43), (73, 43), (74, 43), (75, 43), (75, 44), (75, 45), (76, 45), (77, 45), (78, 45), (79, 45), (79, 44), (80, 44), (81, 44), (82, 44), (83, 44), (84, 44), (85, 44), (86, 44), (86, 43), (87, 43), (88, 43), (89, 43), (90, 43), (91, 43), (92, 43), (93, 43), (94, 43), (95, 43), (96, 43), (97, 43), (98, 43), (99, 43), (100, 43), (101, 43), (102, 43), (103, 43), (103, 44), (103, 45), (104, 45), (104, 46), (105, 46), (105, 47), (105, 48), (106, 48), (106, 49), (106, 50), (106, 51), (107, 51), (108, 51), (108, 52), (109, 52), (109, 53), (109, 54), (109, 55), (109, 56), (110, 56), (111, 56), (112, 56), (113, 56), (114, 56), (115, 56), (116, 56), (117, 56), (117, 57), (117, 58), (117, 59), (117, 60), (118, 60), (119, 60), (120, 60), (120, 61), (120, 62), (120, 63), (120, 64), (120, 65), (120, 66), (120, 67), (120, 68), (120, 69), (120, 70), (120, 71), (120, 72), (120, 73), (120, 74), (120, 75), (120, 76), (120, 77), (120, 78), (120, 79), (120, 80), (120, 81), (120, 82), (120, 83), (120, 84), (120, 85), (120, 86), (120, 87), (120, 88), (120, 89), (120, 90), (120, 91), (120, 92), (120, 93), (120, 94), (120, 95), (120, 96), (121, 96), (122, 96), (122, 97), (122, 98), (122, 99), (122, 100), (122, 101), (122, 102), (122, 103), (122, 104), (122, 105), (122, 106), (122, 107), (122, 108), (122, 109), (122, 110), (122, 111), (122, 112), (122, 113), (122, 114), (122, 115), (122, 116), (122, 117), (122, 118), (122, 119), (122, 120), (122, 121), (122, 122), (121, 122), (120, 122), (119, 122), (119, 121), (118, 121), (117, 121), (116, 121), (115, 121), (115, 120), (114, 120), (113, 120), (112, 120), (111, 120), (110, 120), (109, 120), (108, 120), (107, 120), (106, 120), (105, 120), (105, 121), (104, 121), (103, 121), (102, 121), (101, 121), (100, 121), (100, 122), (99, 122), (98, 122), (98, 121), (98, 120), (98, 119), (97, 119), (96, 119), (96, 118), (96, 117), (95, 117), (94, 117), (93, 117), (92, 117), (92, 116), (92, 115), (92, 114), (91, 114), (90, 114), (89, 114), (88, 114), (87, 114), (86, 114), (85, 114), (84, 114), (83, 114), (82, 114), (81, 114), (80, 114), (79, 114), (78, 114), (77, 114), (76, 114), (76, 113), (75, 113), (74, 113), (73, 113), (72, 113), (71, 113), (70, 113), (69, 113), (68, 113), (68, 112), (67, 112), (67, 111), (66, 111), (65, 111), (65, 110), (65, 109), (65, 108), (65, 107), (65, 106), (65, 105), (65, 104), (65, 103), (65, 102), (65, 101), (65, 100), (65, 99), (65, 98), (66, 98), (67, 98), (68, 98), (68, 99), (68, 100), (69, 100), (69, 101), (70, 101), (71, 101)]

robot2:
<start_point>=(108, 99)
<end_point>=(21, 36)
<path>=[(108, 99), (108, 100), (108, 101), (108, 102), (108, 103), (108, 104), (108, 105), (108, 106), (108, 107), (109, 107), (109, 108), (109, 109), (109, 110), (109, 111), (109, 112), (110, 112), (111, 112), (111, 113), (112, 113), (113, 113), (113, 114), (114, 114), (115, 114), (115, 115), (116, 115), (116, 116), (116, 117), (116, 118), (116, 119), (116, 120), (116, 121), (117, 121), (117, 122), (118, 122), (119, 122), (120, 122), (121, 122), (122, 122), (122, 121), (122, 120), (122, 119), (122, 118), (122, 117), (122, 116), (122, 115), (122, 114), (122, 113), (122, 112), (122, 111), (122, 110), (122, 109), (122, 108), (122, 107), (122, 106), (122, 105), (122, 104), (122, 103), (122, 102), (122, 101), (122, 100), (122, 99), (122, 98), (122, 97), (122, 96), (121, 96), (120, 96), (120, 95), (120, 94), (119, 94), (119, 93), (119, 92), (119, 91), (118, 91), (117, 91), (117, 90), (116, 90), (115, 90), (115, 89), (114, 89), (114, 88), (113, 88), (112, 88), (112, 87), (112, 86), (112, 85), (112, 84), (112, 83), (112, 82), (112, 81), (112, 80), (112, 79), (111, 79), (111, 78), (111, 77), (111, 76), (111, 75), (111, 74), (111, 73), (111, 72), (111, 71), (111, 70), (111, 69), (111, 68), (111, 67), (111, 66), (111, 65), (111, 64), (111, 63), (111, 62), (111, 61), (110, 61), (109, 61), (108, 61), (108, 60), (107, 60), (107, 59), (107, 58), (107, 57), (107, 56), (107, 55), (107, 54), (107, 53), (107, 52), (107, 51), (107, 50), (107, 49), (107, 48), (106, 48), (105, 48), (105, 47), (105, 46), (104, 46), (103, 46), (103, 45), (102, 45), (102, 44), (102, 43), (101, 43), (100, 43), (99, 43), (98, 43), (97, 43), (96, 43), (95, 43), (94, 43), (93, 43), (92, 43), (91, 43), (90, 43), (89, 43), (88, 43), (87, 43), (86, 43), (86, 44), (85, 44), (84, 44), (84, 45), (83, 45), (82, 45), (81, 45), (80, 45), (79, 45), (78, 45), (77, 45), (76, 45), (75, 45), (75, 44), (75, 43), (75, 42), (75, 41), (75, 40), (74, 40), (73, 40), (72, 40), (71, 40), (70, 40), (70, 39), (70, 38), (70, 37), (70, 36), (69, 36), (68, 36), (68, 35), (67, 35), (66, 35), (65, 35), (64, 35), (63, 35), (62, 35), (61, 35), (60, 35), (60, 34), (59, 34), (59, 33), (58, 33), (57, 33), (56, 33), (56, 32), (55, 32), (55, 31), (55, 30), (55, 29), (55, 28), (55, 27), (55, 26), (55, 25), (54, 25), (54, 24), (54, 23), (54, 22), (54, 21), (55, 21), (55, 20), (55, 19), (56, 19), (56, 18), (56, 17), (56, 16), (56, 15), (56, 14), (56, 13), (56, 12), (56, 11), (56, 10), (55, 10), (54, 10), (53, 10), (52, 10), (51, 10), (50, 10), (49, 10), (48, 10), (47, 10), (46, 10), (45, 10), (44, 10), (43, 10), (42, 10), (41, 10), (40, 10), (39, 10), (38, 10), (37, 10), (36, 10), (35, 10), (34, 10), (33, 10), (32, 10), (31, 10), (30, 10), (29, 10), (28, 10), (27, 10), (26, 10), (25, 10), (24, 10), (23, 10), (22, 10), (21, 10), (21, 11), (21, 12), (21, 13), (21, 14), (21, 15), (21, 16), (21, 17), (21, 18), (21, 19), (21, 20), (21, 21), (21, 22), (21, 23), (21, 24), (21, 25), (21, 26), (21, 27), (21, 28), (21, 29), (21, 30), (21, 31), (21, 32), (21, 33), (21, 34), (21, 35), (21, 36)]

